FibList1 = [ recursion:fibonacci(X) || X <- lists:seq(1, 33)].
[1,1,2,3,5,8,13,21,34,55,89,144,233,377,610,987,1597,2584,
 4181,6765,10946,17711,28657,46368,75025,121393,196418,
 317811,514229|...]

3> recursion:golden(FibList1, []).
[1.0,1.5,1.6,1.6153846153846154,1.6176470588235294,
 1.6179775280898876,1.6180257510729614,1.618032786885246,
 1.6180338134001253,1.6180339631667064,1.618033985017358,
 1.618033988205325,1.6180339886704431,1.618033988738303,
 1.6180339887482036,1.6180339887496482]
4> 

